-0.7500000000000000000000000000000000000000000000000000000000000000000000000000000000000000000000000000 -0.2999999999999999888977697537484345957636833190917968750000000000000000000000000000000000000000000000 
-0.7662416725756252544599078646569978445768356323242187500000000000000000000000000000000000000000000000 -0.2995600241553371123615079341107048094272613525390625000000000000000000000000000000000000000000000000 
-0.7824357055271825567288601632753852754831314086914062500000000000000000000000000000000000000000000000 -0.2982413871463078791634870867710560560226440429687500000000000000000000000000000000000000000000000000 
-0.7985345989658294563184881553752347826957702636718750000000000000000000000000000000000000000000000000 -0.2960479567624578201012752742826705798506736755371093750000000000000000000000000000000000000000000000 
-0.8144911320633072548957898106891661882400512695312500000000000000000000000000000000000000000000000000 -0.2929861667130259639257872095186030492186546325683593750000000000000000000000000000000000000000000000 
-0.8302585015587662375935451564146205782890319824218750000000000000000000000000000000000000000000000000 -0.2890649977557668837135906869661994278430938720703125000000000000000000000000000000000000000000000000 
-0.8457904590407939737772835542273242026567459106445312500000000000000000000000000000000000000000000000 -0.2842959513548407035621323757368372753262519836425781250000000000000000000000000000000000000000000000 
-0.8610414466019742363300792931113392114639282226562500000000000000000000000000000000000000000000000000 -0.2786930159450374255847293625265592709183692932128906250000000000000000000000000000000000000000000000 
-0.8759667304680793797899696073727682232856750488281250000000000000000000000000000000000000000000000000 -0.2722726259012870908549075465998612344264984130859375000000000000000000000000000000000000000000000000 
-0.8905225322099370455219968789606355130672454833984375000000000000000000000000000000000000000000000000 -0.2650536133338068922604691124433884397149085998535156250000000000000000000000000000000000000000000000 
-0.9046661571531064982565339960274286568164825439453125000000000000000000000000000000000000000000000000 -0.2570571528502768043900061911699594929814338684082031250000000000000000000000000000000000000000000000 
-0.9183561196087146605293582979356870055198669433593750000000000000000000000000000000000000000000000000 -0.2483066994470671529082750339512131176888942718505859375000000000000000000000000000000000000000000000 
-0.9315522645581295613226302521070465445518493652343750000000000000000000000000000000000000000000000000 -0.2388279197116930929745137746067484840750694274902343750000000000000000000000000000000000000000000000 
-0.9442158854345482632552943869086448103189468383789062500000000000000000000000000000000000000000000000 -0.2286486165382909385712650873756501823663711547851562500000000000000000000000000000000000000000000000 
-0.9563098376560269509027989442984107881784439086914062500000000000000000000000000000000000000000000000 -0.2177986475769392860080131413269555196166038513183593750000000000000000000000000000000000000000000000 
-0.9677986475769392304968619100691284984350204467773437500000000000000000000000000000000000000000000000 -0.2063098376560269786583745599273242987692356109619140625000000000000000000000000000000000000000000000 
-0.9786486165382908275489626248599961400032043457031250000000000000000000000000000000000000000000000000 -0.1942158854345483465220212337953853420913219451904296875000000000000000000000000000000000000000000000 
-0.9888279197116931484856650058645755052566528320312500000000000000000000000000000000000000000000000000 -0.1815522645581295335670546364781330339610576629638671875000000000000000000000000000000000000000000000 
-0.9983066994470670696415481870644725859165191650390625000000000000000000000000000000000000000000000000 -0.1683561196087147437960851448224275372922420501708984375000000000000000000000000000000000000000000000 
-1.0070571528502767488788549599121324717998504638671875000000000000000000000000000000000000000000000000 -0.1546661571531064705009583803985151462256908416748046875000000000000000000000000000000000000000000000 
-1.0150536133338068367493178811855614185333251953125000000000000000000000000000000000000000000000000000 -0.1405225322099370455219968789606355130672454833984375000000000000000000000000000000000000000000000000 
-1.0222726259012870908549075465998612344264984130859375000000000000000000000000000000000000000000000000 -0.1259667304680794353011208386305952444672584533691406250000000000000000000000000000000000000000000000 
-1.0286930159450373700735781312687322497367858886718750000000000000000000000000000000000000000000000000 -0.1110414466019743195968061399980797432363033294677734375000000000000000000000000000000000000000000000 
-1.0342959513548406480509811444790102541446685791015625000000000000000000000000000000000000000000000000 -0.0957904590407940709217982089285214897245168685913085937500000000000000000000000000000000000000000000 
-1.0390649977557668837135906869661994278430938720703125000000000000000000000000000000000000000000000000 -0.0802585015587662375935451564146205782890319824218750000000000000000000000000000000000000000000000000 
-1.0429861667130260194369384407764300704002380371093750000000000000000000000000000000000000000000000000 -0.0644911320633072826513654263180796988308429718017578125000000000000000000000000000000000000000000000 
-1.0460479567624578756124265055404976010322570800781250000000000000000000000000000000000000000000000000 -0.0485345989658294008073369241174077615141868591308593750000000000000000000000000000000000000000000000 
-1.0482413871463078791634870867710560560226440429687500000000000000000000000000000000000000000000000000 -0.0324357055271825775455418749970704084262251853942871093750000000000000000000000000000000000000000000 
-1.0495600241553371123615079341107048094272613525390625000000000000000000000000000000000000000000000000 -0.0162416725756253689516572791262660757638514041900634765625000000000000000000000000000000000000000000 
-1.0500000000000000444089209850062616169452667236328125000000000000000000000000000000000000000000000000 -0.0000000000000000367394039744205949826177564759209521829448804859739180495026289463567081838846206665 
-1.0500000000000000444089209850062616169452667236328125000000000000000000000000000000000000000000000000 1.5000000000000000000000000000000000000000000000000000000000000000000000000000000000000000000000000000 
-1.0495600241553371123615079341107048094272613525390625000000000000000000000000000000000000000000000000 1.5162416725756253654822103271726518869400024414062500000000000000000000000000000000000000000000000000 
-1.0482413871463078791634870867710560560226440429687500000000000000000000000000000000000000000000000000 1.5324357055271824457065577007597312331199645996093750000000000000000000000000000000000000000000000000 
-1.0460479567624578756124265055404976010322570800781250000000000000000000000000000000000000000000000000 1.5485345989658292342738832303439266979694366455078125000000000000000000000000000000000000000000000000 
-1.0429861667130260194369384407764300704002380371093750000000000000000000000000000000000000000000000000 1.5644911320633072548957898106891661882400512695312500000000000000000000000000000000000000000000000000 
-1.0390649977557668837135906869661994278430938720703125000000000000000000000000000000000000000000000000 1.5802585015587662375935451564146205782890319824218750000000000000000000000000000000000000000000000000 
-1.0342959513548406480509811444790102541446685791015625000000000000000000000000000000000000000000000000 1.5957904590407940847995860167429782450199127197265625000000000000000000000000000000000000000000000000 
-1.0286930159450373700735781312687322497367858886718750000000000000000000000000000000000000000000000000 1.6110414466019742363300792931113392114639282226562500000000000000000000000000000000000000000000000000 
-1.0222726259012870908549075465998612344264984130859375000000000000000000000000000000000000000000000000 1.6259667304680793797899696073727682232856750488281250000000000000000000000000000000000000000000000000 
-1.0150536133338068367493178811855614185333251953125000000000000000000000000000000000000000000000000000 1.6405225322099370455219968789606355130672454833984375000000000000000000000000000000000000000000000000 
-1.0070571528502767488788549599121324717998504638671875000000000000000000000000000000000000000000000000 1.6546661571531064982565339960274286568164825439453125000000000000000000000000000000000000000000000000 
-0.9983066994470671806638506495801266282796859741210937500000000000000000000000000000000000000000000000 1.6683561196087146605293582979356870055198669433593750000000000000000000000000000000000000000000000000 
-0.9888279197116931484856650058645755052566528320312500000000000000000000000000000000000000000000000000 1.6815522645581295613226302521070465445518493652343750000000000000000000000000000000000000000000000000 
-0.9786486165382909385712650873756501823663711547851562500000000000000000000000000000000000000000000000 1.6942158854345481522329919243929907679557800292968750000000000000000000000000000000000000000000000000 
-0.9677986475769393415191643725847825407981872558593750000000000000000000000000000000000000000000000000 1.7063098376560268398804964817827567458152770996093750000000000000000000000000000000000000000000000000 
-0.9563098376560269509027989442984107881784439086914062500000000000000000000000000000000000000000000000 1.7177986475769393415191643725847825407981872558593750000000000000000000000000000000000000000000000000 
-0.9442158854345482632552943869086448103189468383789062500000000000000000000000000000000000000000000000 1.7286486165382910495935675498913042247295379638671875000000000000000000000000000000000000000000000000 
-0.9315522645581294503003277895913925021886825561523437500000000000000000000000000000000000000000000000 1.7388279197116931484856650058645755052566528320312500000000000000000000000000000000000000000000000000 
-0.9183561196087147715516607604513410478830337524414062500000000000000000000000000000000000000000000000 1.7483066994470670696415481870644725859165191650390625000000000000000000000000000000000000000000000000 
-0.9046661571531064982565339960274286568164825439453125000000000000000000000000000000000000000000000000 1.7570571528502767488788549599121324717998504638671875000000000000000000000000000000000000000000000000 
-0.8905225322099371565442993414762895554304122924804687500000000000000000000000000000000000000000000000 1.7650536133338068367493178811855614185333251953125000000000000000000000000000000000000000000000000000 
-0.8759667304680794908122720698884222656488418579101562500000000000000000000000000000000000000000000000 1.7722726259012870908549075465998612344264984130859375000000000000000000000000000000000000000000000000 
-0.8610414466019743473523817556269932538270950317382812500000000000000000000000000000000000000000000000 1.7786930159450373700735781312687322497367858886718750000000000000000000000000000000000000000000000000 
-0.8457904590407939737772835542273242026567459106445312500000000000000000000000000000000000000000000000 1.7842959513548406480509811444790102541446685791015625000000000000000000000000000000000000000000000000 
-0.8302585015587661265712426938989665359258651733398437500000000000000000000000000000000000000000000000 1.7890649977557668837135906869661994278430938720703125000000000000000000000000000000000000000000000000 
-0.8144911320633072548957898106891661882400512695312500000000000000000000000000000000000000000000000000 1.7929861667130260194369384407764300704002380371093750000000000000000000000000000000000000000000000000 
-0.7985345989658294563184881553752347826957702636718750000000000000000000000000000000000000000000000000 1.7960479567624578756124265055404976010322570800781250000000000000000000000000000000000000000000000000 
-0.7824357055271827787734650883066933602094650268554687500000000000000000000000000000000000000000000000 1.7982413871463078791634870867710560560226440429687500000000000000000000000000000000000000000000000000 
-0.7662416725756253654822103271726518869400024414062500000000000000000000000000000000000000000000000000 1.7995600241553371123615079341107048094272613525390625000000000000000000000000000000000000000000000000 
-0.7500000000000000000000000000000000000000000000000000000000000000000000000000000000000000000000000000 1.8000000000000000444089209850062616169452667236328125000000000000000000000000000000000000000000000000 
0.1499999999999999944488848768742172978818416595458984375000000000000000000000000000000000000000000000 1.8000000000000000444089209850062616169452667236328125000000000000000000000000000000000000000000000000 
0.1662416725756252766643683571601286530494689941406250000000000000000000000000000000000000000000000000 1.7995600241553371123615079341107048094272613525390625000000000000000000000000000000000000000000000000 
0.1824357055271825511777450401496025733649730682373046875000000000000000000000000000000000000000000000 1.7982413871463078791634870867710560560226440429687500000000000000000000000000000000000000000000000000 
0.1985345989658294507673730322494520805776119232177734375000000000000000000000000000000000000000000000 1.7960479567624578756124265055404976010322570800781250000000000000000000000000000000000000000000000000 
0.2144911320633072493446746875633834861218929290771484375000000000000000000000000000000000000000000000 1.7929861667130260194369384407764300704002380371093750000000000000000000000000000000000000000000000000 
0.2302585015587662042868544176599243655800819396972656250000000000000000000000000000000000000000000000 1.7890649977557668837135906869661994278430938720703125000000000000000000000000000000000000000000000000 
0.2457904590407940514928952779882820323109626770019531250000000000000000000000000000000000000000000000 1.7842959513548406480509811444790102541446685791015625000000000000000000000000000000000000000000000000 
0.2610414466019743140456910168722970411181449890136718750000000000000000000000000000000000000000000000 1.7786930159450373700735781312687322497367858886718750000000000000000000000000000000000000000000000000 
0.2759667304680794019944300998758990317583084106445312500000000000000000000000000000000000000000000000 1.7722726259012870908549075465998612344264984130859375000000000000000000000000000000000000000000000000 
0.2905225322099370677264573714637663215398788452148437500000000000000000000000000000000000000000000000 1.7650536133338068367493178811855614185333251953125000000000000000000000000000000000000000000000000000 
0.3046661571531064649498432572727324441075325012207031250000000000000000000000000000000000000000000000 1.7570571528502767488788549599121324717998504638671875000000000000000000000000000000000000000000000000 
0.3183561196087146827338187904388178139925003051757812500000000000000000000000000000000000000000000000 1.7483066994470670696415481870644725859165191650390625000000000000000000000000000000000000000000000000 
0.3315522645581296390382419758680043742060661315917968750000000000000000000000000000000000000000000000 1.7388279197116931484856650058645755052566528320312500000000000000000000000000000000000000000000000000 
0.3442158854345482854597548794117756187915802001953125000000000000000000000000000000000000000000000000 1.7286486165382908275489626248599961400032043457031250000000000000000000000000000000000000000000000000 
0.3563098376560269731072594368015415966510772705078125000000000000000000000000000000000000000000000000 1.7177986475769393415191643725847825407981872558593750000000000000000000000000000000000000000000000000 
0.3677986475769392527013224025722593069076538085937500000000000000000000000000000000000000000000000000 1.7063098376560268398804964817827567458152770996093750000000000000000000000000000000000000000000000000 
0.3786486165382909607757255798787809908390045166015625000000000000000000000000000000000000000000000000 1.6942158854345483742775968494242988526821136474609375000000000000000000000000000000000000000000000000 
0.3888279197116931706901254983677063137292861938476562500000000000000000000000000000000000000000000000 1.6815522645581295613226302521070465445518493652343750000000000000000000000000000000000000000000000000 
0.3983066994470671473571599108254304155707359313964843750000000000000000000000000000000000000000000000 1.6683561196087146605293582979356870055198669433593750000000000000000000000000000000000000000000000000 
0.4070571528502767710833154524152632802724838256835937500000000000000000000000000000000000000000000000 1.6546661571531064982565339960274286568164825439453125000000000000000000000000000000000000000000000000 
0.4150536133338068589537783736886922270059585571289062500000000000000000000000000000000000000000000000 1.6405225322099370455219968789606355130672454833984375000000000000000000000000000000000000000000000000 
0.4222726259012871130593680391029920428991317749023437500000000000000000000000000000000000000000000000 1.6259667304680793797899696073727682232856750488281250000000000000000000000000000000000000000000000000 
0.4286930159450373922780386237718630582094192504882812500000000000000000000000000000000000000000000000 1.6110414466019742363300792931113392114639282226562500000000000000000000000000000000000000000000000000 
0.4342959513548406702554416369821410626173019409179687500000000000000000000000000000000000000000000000 1.5957904590407940847995860167429782450199127197265625000000000000000000000000000000000000000000000000 
0.4390649977557669059180511794693302363157272338867187500000000000000000000000000000000000000000000000 1.5802585015587662375935451564146205782890319824218750000000000000000000000000000000000000000000000000 
0.4429861667130259306190964707639068365097045898437500000000000000000000000000000000000000000000000000 1.5644911320633072548957898106891661882400512695312500000000000000000000000000000000000000000000000000 
0.4460479567624577867945845355279743671417236328125000000000000000000000000000000000000000000000000000 1.5485345989658294563184881553752347826957702636718750000000000000000000000000000000000000000000000000 
0.4482413871463079013679475792741868644952774047851562500000000000000000000000000000000000000000000000 1.5324357055271824457065577007597312331199645996093750000000000000000000000000000000000000000000000000 
0.4495600241553371345659684266138356178998947143554687500000000000000000000000000000000000000000000000 1.5162416725756253654822103271726518869400024414062500000000000000000000000000000000000000000000000000 
0.4499999999999999555910790149937383830547332763671875000000000000000000000000000000000000000000000000 1.5000000000000000000000000000000000000000000000000000000000000000000000000000000000000000000000000000 
0.4500000000000000111022302462515654042363166809082031250000000000000000000000000000000000000000000000 0.9000000000000000222044604925031308084726333618164062500000000000000000000000000000000000000000000000 
1.3500000000000000888178419700125232338905334472656250000000000000000000000000000000000000000000000000 0.9000000000000000222044604925031308084726333618164062500000000000000000000000000000000000000000000000 
1.3662416725756254543000522971851751208305358886718750000000000000000000000000000000000000000000000000 0.8995600241553370901570474416075740009546279907226562500000000000000000000000000000000000000000000000 
1.3824357055271825345243996707722544670104980468750000000000000000000000000000000000000000000000000000 0.8982413871463078569590265942679252475500106811523437500000000000000000000000000000000000000000000000 
1.3985345989658295451363301253877580165863037109375000000000000000000000000000000000000000000000000000 0.8960479567624577423856635505217127501964569091796875000000000000000000000000000000000000000000000000 
1.4144911320633073437136317807016894221305847167968750000000000000000000000000000000000000000000000000 0.8929861667130258862101754857576452195644378662109375000000000000000000000000000000000000000000000000 
1.4302585015587663264113871264271438121795654296875000000000000000000000000000000000000000000000000000 0.8890649977557668615091301944630686193704605102539062500000000000000000000000000000000000000000000000 
1.4457904590407941736174279867555014789104461669921875000000000000000000000000000000000000000000000000 0.8842959513548407368688231144915334880352020263671875000000000000000000000000000000000000000000000000 
1.4610414466019743251479212631238624453544616699218750000000000000000000000000000000000000000000000000 0.8786930159450374588914201012812554836273193359375000000000000000000000000000000000000000000000000000 
1.4759667304680794686078115773852914571762084960937500000000000000000000000000000000000000000000000000 0.8722726259012870686504470540967304259538650512695312500000000000000000000000000000000000000000000000 
1.4905225322099371343398388489731587469577789306640625000000000000000000000000000000000000000000000000 0.8650536133338069255671598511980846524238586425781250000000000000000000000000000000000000000000000000 
1.5046661571531065870743759660399518907070159912109375000000000000000000000000000000000000000000000000 0.8570571528502767266743944674090016633272171020507812500000000000000000000000000000000000000000000000 
1.5183561196087147493472002679482102394104003906250000000000000000000000000000000000000000000000000000 0.8483066994470671584593901570769958198070526123046875000000000000000000000000000000000000000000000000 
1.5315522645581296501404722221195697784423828125000000000000000000000000000000000000000000000000000000 0.8388279197116930152589020508457906544208526611328125000000000000000000000000000000000000000000000000 
1.5442158854345484630954388194368220865726470947265625000000000000000000000000000000000000000000000000 0.8286486165382909163668045948725193738937377929687500000000000000000000000000000000000000000000000000 
1.5563098376560269286983384517952799797058105468750000000000000000000000000000000000000000000000000000 0.8177986475769392082924014175659976899623870849609375000000000000000000000000000000000000000000000000 
1.5677986475769394303370063425973057746887207031250000000000000000000000000000000000000000000000000000 0.8063098376560269286983384517952799797058105468750000000000000000000000000000000000000000000000000000 
1.5786486165382909163668045948725193738937377929687500000000000000000000000000000000000000000000000000 0.7942158854345482410508338944055140018463134765625000000000000000000000000000000000000000000000000000 
1.5888279197116932373035069758770987391471862792968750000000000000000000000000000000000000000000000000 0.7815522645581294280958672970882616937160491943359375000000000000000000000000000000000000000000000000 
1.5983066994470671584593901570769958198070526123046875000000000000000000000000000000000000000000000000 0.7683561196087147493472002679482102394104003906250000000000000000000000000000000000000000000000000000 
1.6070571528502768376966969299246557056903839111328125000000000000000000000000000000000000000000000000 0.7546661571531063650297710410086438059806823730468750000000000000000000000000000000000000000000000000 
1.6150536133338069255671598511980846524238586425781250000000000000000000000000000000000000000000000000 0.7405225322099370233175363864575047045946121215820312500000000000000000000000000000000000000000000000 
1.6222726259012871796727495166123844683170318603515625000000000000000000000000000000000000000000000000 0.7259667304680793575855091148696374148130416870117187500000000000000000000000000000000000000000000000 
1.6286930159450374588914201012812554836273193359375000000000000000000000000000000000000000000000000000 0.7110414466019742141256188006082084029912948608398437500000000000000000000000000000000000000000000000 
1.6342959513548407368688231144915334880352020263671875000000000000000000000000000000000000000000000000 0.6957904590407939515728230617241933941841125488281250000000000000000000000000000000000000000000000000 
1.6390649977557669725314326569787226617336273193359375000000000000000000000000000000000000000000000000 0.6802585015587662153890846639114897698163986206054687500000000000000000000000000000000000000000000000 
1.6429861667130261082547804107889533042907714843750000000000000000000000000000000000000000000000000000 0.6644911320633072326913293181860353797674179077148437500000000000000000000000000000000000000000000000 
1.6460479567624579644302684755530208349227905273437500000000000000000000000000000000000000000000000000 0.6485345989658293230917252003564499318599700927734375000000000000000000000000000000000000000000000000 
1.6482413871463079679813290567835792899131774902343750000000000000000000000000000000000000000000000000 0.6324357055271825345243996707722544670104980468750000000000000000000000000000000000000000000000000000 
1.6495600241553372011793499041232280433177947998046875000000000000000000000000000000000000000000000000 0.6162416725756253432777498346695210784673690795898437500000000000000000000000000000000000000000000000 
1.6500000000000001332267629550187848508358001708984375000000000000000000000000000000000000000000000000 0.5999999999999999777955395074968691915273666381835937500000000000000000000000000000000000000000000000 
1.6499999999999999111821580299874767661094665527343750000000000000000000000000000000000000000000000000 0.0000000000000000000000000000000000000000000000000000000000000000000000000000000000000000000000000000 
1.6495600241553372011793499041232280433177947998046875000000000000000000000000000000000000000000000000 -0.0162416725756252648682487205178404110483825206756591796875000000000000000000000000000000000000000000 
1.6482413871463079679813290567835792899131774902343750000000000000000000000000000000000000000000000000 -0.0324357055271825428510723554609285201877355575561523437500000000000000000000000000000000000000000000 
1.6460479567624579644302684755530208349227905273437500000000000000000000000000000000000000000000000000 -0.0485345989658294355018064436535496497526764869689941406250000000000000000000000000000000000000000000 
1.6429861667130261082547804107889533042907714843750000000000000000000000000000000000000000000000000000 -0.0644911320633072410180020028747094329446554183959960937500000000000000000000000000000000000000000000 
1.6390649977557669725314326569787226617336273193359375000000000000000000000000000000000000000000000000 -0.0802585015587662098379695407857070676982402801513671875000000000000000000000000000000000000000000000 
1.6342959513548407368688231144915334880352020263671875000000000000000000000000000000000000000000000000 -0.0957904590407940292884347854851512238383293151855468750000000000000000000000000000000000000000000000 
1.6286930159450374588914201012812554836273193359375000000000000000000000000000000000000000000000000000 -0.1110414466019742779634427165547094773501157760620117187500000000000000000000000000000000000000000000 
1.6222726259012871796727495166123844683170318603515625000000000000000000000000000000000000000000000000 -0.1259667304680794075455452230016817338764667510986328125000000000000000000000000000000000000000000000 
1.6150536133338069255671598511980846524238586425781250000000000000000000000000000000000000000000000000 -0.1405225322099370177664212633317220024764537811279296875000000000000000000000000000000000000000000000 
1.6070571528502768376966969299246557056903839111328125000000000000000000000000000000000000000000000000 -0.1546661571531064427453827647696016356348991394042968750000000000000000000000000000000000000000000000 
1.5983066994470671584593901570769958198070526123046875000000000000000000000000000000000000000000000000 -0.1683561196087147160405095291935140267014503479003906250000000000000000000000000000000000000000000000 
1.5888279197116932373035069758770987391471862792968750000000000000000000000000000000000000000000000000 -0.1815522645581295890782058677359600551426410675048828125000000000000000000000000000000000000000000000 
1.5786486165382909163668045948725193738937377929687500000000000000000000000000000000000000000000000000 -0.1942158854345482910108700025375583209097385406494140625000000000000000000000000000000000000000000000 
1.5677986475769394303370063425973057746887207031250000000000000000000000000000000000000000000000000000 -0.2063098376560269509027989442984107881784439086914062500000000000000000000000000000000000000000000000 
1.5563098376560269286983384517952799797058105468750000000000000000000000000000000000000000000000000000 -0.2177986475769392860080131413269555196166038513183593750000000000000000000000000000000000000000000000 
1.5442158854345484630954388194368220865726470947265625000000000000000000000000000000000000000000000000 -0.2286486165382908830601138561178231611847877502441406250000000000000000000000000000000000000000000000 
1.5315522645581296501404722221195697784423828125000000000000000000000000000000000000000000000000000000 -0.2388279197116931484856650058645755052566528320312500000000000000000000000000000000000000000000000000 
1.5183561196087147493472002679482102394104003906250000000000000000000000000000000000000000000000000000 -0.2483066994470671529082750339512131176888942718505859375000000000000000000000000000000000000000000000 
1.5046661571531065870743759660399518907070159912109375000000000000000000000000000000000000000000000000 -0.2570571528502767488788549599121324717998504638671875000000000000000000000000000000000000000000000000 
1.4905225322099371343398388489731587469577789306640625000000000000000000000000000000000000000000000000 -0.2650536133338068922604691124433884397149085998535156250000000000000000000000000000000000000000000000 
1.4759667304680794686078115773852914571762084960937500000000000000000000000000000000000000000000000000 -0.2722726259012870908549075465998612344264984130859375000000000000000000000000000000000000000000000000 
1.4610414466019743251479212631238624453544616699218750000000000000000000000000000000000000000000000000 -0.2786930159450374255847293625265592709183692932128906250000000000000000000000000000000000000000000000 
1.4457904590407941736174279867555014789104461669921875000000000000000000000000000000000000000000000000 -0.2842959513548407035621323757368372753262519836425781250000000000000000000000000000000000000000000000 
1.4302585015587663264113871264271438121795654296875000000000000000000000000000000000000000000000000000 -0.2890649977557668837135906869661994278430938720703125000000000000000000000000000000000000000000000000 
1.4144911320633073437136317807016894221305847167968750000000000000000000000000000000000000000000000000 -0.2929861667130259639257872095186030492186546325683593750000000000000000000000000000000000000000000000 
1.3985345989658295451363301253877580165863037109375000000000000000000000000000000000000000000000000000 -0.2960479567624578201012752742826705798506736755371093750000000000000000000000000000000000000000000000 
1.3824357055271825345243996707722544670104980468750000000000000000000000000000000000000000000000000000 -0.2982413871463078791634870867710560560226440429687500000000000000000000000000000000000000000000000000 
1.3662416725756254543000522971851751208305358886718750000000000000000000000000000000000000000000000000 -0.2995600241553371123615079341107048094272613525390625000000000000000000000000000000000000000000000000 
1.3500000000000000888178419700125232338905334472656250000000000000000000000000000000000000000000000000 -0.2999999999999999888977697537484345957636833190917968750000000000000000000000000000000000000000000000 
                 NaN                  NaN 
-0.7500000000000000000000000000000000000000000000000000000000000000000000000000000000000000000000000000 -0.2349999999999999866773237044981215149164199829101562500000000000000000000000000000000000000000000000 
1.3500000000000000888178419700125232338905334472656250000000000000000000000000000000000000000000000000 -0.2349999999999999866773237044981215149164199829101562500000000000000000000000000000000000000000000000 
1.3627226435175732177640384179539978504180908203125000000000000000000000000000000000000000000000000000 -0.2346553522550140769009630048458348028361797332763671875000000000000000000000000000000000000000000000 
1.3754079693296263897650533181149512529373168945312500000000000000000000000000000000000000000000000000 -0.2336224199312744997936164281782112084329128265380859375000000000000000000000000000000000000000000000 
1.3880187691898997481843025525449775159358978271484375000000000000000000000000000000000000000000000000 -0.2319042327972586359230433572520269080996513366699218750000000000000000000000000000000000000000000000 
1.4005180534495906830017020183731801807880401611328125000000000000000000000000000000000000000000000000 -0.2295058305918703245307455063084489665925502777099609375000000000000000000000000000000000000000000000 
1.4128691595543669823342725067050196230411529541015625000000000000000000000000000000000000000000000000 -0.2264342482420173829904541662472183816134929656982421875000000000000000000000000000000000000000000000 
1.4250358595819554441419541035429574549198150634765625000000000000000000000000000000000000000000000000 -0.2226984952279585372458825531793991103768348693847656250000000000000000000000000000000000000000000000 
1.4369824665048800405031670379685238003730773925781250000000000000000000000000000000000000000000000000 -0.2183095291569459861502622288753627799451351165771484375000000000000000000000000000000000000000000000 
1.4486739388666622918577786549576558172702789306640625000000000000000000000000000000000000000000000000 -0.2132802236226748748837422908763983286917209625244140625000000000000000000000000000000000000000000000 
1.4600759835644507855789697714499197900295257568359375000000000000000000000000000000000000000000000000 -0.2076253304448154035632967406854731962084770202636718750000000000000000000000000000000000000000000000 
1.4711551564366001088046687073074281215667724609375000000000000000000000000000000000000000000000000000 -0.2013614363993834477373212621387210674583911895751953125000000000000000000000000000000000000000000000 
1.4818789603601598692250718158902600407600402832031250000000000000000000000000000000000000000000000000 -0.1945069145668692767170426805023453198373317718505859375000000000000000000000000000000000000000000000 
1.4922159405705348600434945183224044740200042724609375000000000000000000000000000000000000000000000000 -0.1870818704408263033478476700111059471964836120605468750000000000000000000000000000000000000000000000 
1.5021357769237295709530144449672661721706390380859375000000000000000000000000000000000000000000000000 -0.1791080829549945296896851232304470613598823547363281250000000000000000000000000000000000000000000000 
1.5116093728305544097167967265704646706581115722656250000000000000000000000000000000000000000000000000 -0.1706089406019357657129376093507744371891021728515625000000000000000000000000000000000000000000000000 
1.5206089406019358545307795793632976710796356201171875000000000000000000000000000000000000000000000000 -0.1616093728305544319212572190735954791307449340820312500000000000000000000000000000000000000000000000 
1.5291080829549945629963758619851432740688323974609375000000000000000000000000000000000000000000000000 -0.1521357769237294821351724749547429382801055908203125000000000000000000000000000000000000000000000000 
1.5370818704408262256322359462501481175422668457031250000000000000000000000000000000000000000000000000 -0.1422159405705348544923793951966217719018459320068359375000000000000000000000000000000000000000000000 
1.5445069145668692822681578036281280219554901123046875000000000000000000000000000000000000000000000000 -0.1318789603601598636739566927644773386418819427490234375000000000000000000000000000000000000000000000 
1.5513614363993835087995876165223307907581329345703125000000000000000000000000000000000000000000000000 -0.1211551564366000477424023529238183982670307159423828125000000000000000000000000000000000000000000000 
1.5576253304448155478922899419558234512805938720703125000000000000000000000000000000000000000000000000 -0.1100759835644506690055521858084830455482006072998046875000000000000000000000000000000000000000000000 
1.5632802236226750469683111077756620943546295166015625000000000000000000000000000000000000000000000000 -0.0986739388666622030399366849451325833797454833984375000000000000000000000000000000000000000000000000 
1.5683095291569459917013773520011454820632934570312500000000000000000000000000000000000000000000000000 -0.0869824665048798545408104132548032794147729873657226562500000000000000000000000000000000000000000000 
1.5726984952279585705525732919340953230857849121093750000000000000000000000000000000000000000000000000 -0.0750358595819553275685365179015207104384899139404296875000000000000000000000000000000000000000000000 
1.5764342482420174995638717518886551260948181152343750000000000000000000000000000000000000000000000000 -0.0628691595543668657608549210635828785598278045654296875000000000000000000000000000000000000000000000 
1.5795058305918703300818606294342316687107086181640625000000000000000000000000000000000000000000000000 -0.0505180534495906705116929913401691010221838951110839843750000000000000000000000000000000000000000000 
1.5819042327972587802520365585223771631717681884765625000000000000000000000000000000000000000000000000 -0.0380187691898997218165057176975096808746457099914550781250000000000000000000000000000000000000000000 
1.5836224199312745053447315513039939105510711669921875000000000000000000000000000000000000000000000000 -0.0254079693296263252333400117777273408137261867523193359375000000000000000000000000000000000000000000 
1.5846553522550141934743805904872715473175048828125000000000000000000000000000000000000000000000000000 -0.0127226435175731237420260200110533332917839288711547851562500000000000000000000000000000000000000000 
1.5849999999999999644728632119949907064437866210937500000000000000000000000000000000000000000000000000 0.0000000000000000000000000000000000000000000000000000000000000000000000000000000000000000000000000000 
1.5849999999999999644728632119949907064437866210937500000000000000000000000000000000000000000000000000 0.5999999999999999777955395074968691915273666381835937500000000000000000000000000000000000000000000000 
1.5846553522550141934743805904872715473175048828125000000000000000000000000000000000000000000000000000 0.6127226435175731067417359554383438080549240112304687500000000000000000000000000000000000000000000000 
1.5836224199312745053447315513039939105510711669921875000000000000000000000000000000000000000000000000 0.6254079693296262787427508555992972105741500854492187500000000000000000000000000000000000000000000000 
1.5819042327972587802520365585223771631717681884765625000000000000000000000000000000000000000000000000 0.6380187691898996371620000900293234735727310180664062500000000000000000000000000000000000000000000000 
1.5795058305918703300818606294342316687107086181640625000000000000000000000000000000000000000000000000 0.6505180534495906830017020183731801807880401611328125000000000000000000000000000000000000000000000000 
1.5764342482420174995638717518886551260948181152343750000000000000000000000000000000000000000000000000 0.6628691595543668713119700441893655806779861450195312500000000000000000000000000000000000000000000000 
1.5726984952279585705525732919340953230857849121093750000000000000000000000000000000000000000000000000 0.6750358595819553331196516410273034125566482543945312500000000000000000000000000000000000000000000000 
1.5683095291569459917013773520011454820632934570312500000000000000000000000000000000000000000000000000 0.6869824665048798184585621129372157156467437744140625000000000000000000000000000000000000000000000000 
1.5632802236226750469683111077756620943546295166015625000000000000000000000000000000000000000000000000 0.6986739388666621808354761924420017749071121215820312500000000000000000000000000000000000000000000000 
1.5576253304448155478922899419558234512805938720703125000000000000000000000000000000000000000000000000 0.7100759835644506745566673089342657476663589477539062500000000000000000000000000000000000000000000000 
1.5513614363993835087995876165223307907581329345703125000000000000000000000000000000000000000000000000 0.7211551564365999977823662447917740792036056518554687500000000000000000000000000000000000000000000000 
1.5445069145668692822681578036281280219554901123046875000000000000000000000000000000000000000000000000 0.7318789603601598692250718158902600407600402832031250000000000000000000000000000000000000000000000000 
1.5370818704408264476768408712814562022686004638671875000000000000000000000000000000000000000000000000 0.7422159405705347490211920558067504316568374633789062500000000000000000000000000000000000000000000000 
1.5291080829549945629963758619851432740688323974609375000000000000000000000000000000000000000000000000 0.7521357769237294599307119824516121298074722290039062500000000000000000000000000000000000000000000000 
1.5206089406019358545307795793632976710796356201171875000000000000000000000000000000000000000000000000 0.7616093728305544097167967265704646706581115722656250000000000000000000000000000000000000000000000000 
1.5116093728305544097167967265704646706581115722656250000000000000000000000000000000000000000000000000 0.7706089406019357435084771168476436287164688110351562500000000000000000000000000000000000000000000000 
1.5021357769237295709530144449672661721706390380859375000000000000000000000000000000000000000000000000 0.7791080829549945629963758619851432740688323974609375000000000000000000000000000000000000000000000000 
1.4922159405705350820880994433537125587463378906250000000000000000000000000000000000000000000000000000 0.7870818704408262256322359462501481175422668457031250000000000000000000000000000000000000000000000000 
1.4818789603601598692250718158902600407600402832031250000000000000000000000000000000000000000000000000 0.7945069145668692822681578036281280219554901123046875000000000000000000000000000000000000000000000000 
1.4711551564366001088046687073074281215667724609375000000000000000000000000000000000000000000000000000 0.8013614363993833977772851540066767483949661254882812500000000000000000000000000000000000000000000000 
1.4600759835644507855789697714499197900295257568359375000000000000000000000000000000000000000000000000 0.8076253304448153258476850169245153665542602539062500000000000000000000000000000000000000000000000000 
1.4486739388666622918577786549576558172702789306640625000000000000000000000000000000000000000000000000 0.8132802236226748249237061827443540096282958984375000000000000000000000000000000000000000000000000000 
1.4369824665048800405031670379685238003730773925781250000000000000000000000000000000000000000000000000 0.8183095291569459917013773520011454820632934570312500000000000000000000000000000000000000000000000000 
1.4250358595819554441419541035429574549198150634765625000000000000000000000000000000000000000000000000 0.8226984952279585705525732919340953230857849121093750000000000000000000000000000000000000000000000000 
1.4128691595543669823342725067050196230411529541015625000000000000000000000000000000000000000000000000 0.8264342482420173885415692893730010837316513061523437500000000000000000000000000000000000000000000000 
1.4005180534495906830017020183731801807880401611328125000000000000000000000000000000000000000000000000 0.8295058305918703300818606294342316687107086181640625000000000000000000000000000000000000000000000000 
1.3880187691898997481843025525449775159358978271484375000000000000000000000000000000000000000000000000 0.8319042327972585582074316334910690784454345703125000000000000000000000000000000000000000000000000000 
1.3754079693296263897650533181149512529373168945312500000000000000000000000000000000000000000000000000 0.8336224199312745053447315513039939105510711669921875000000000000000000000000000000000000000000000000 
1.3627226435175732177640384179539978504180908203125000000000000000000000000000000000000000000000000000 0.8346553522550140824520781279716175049543380737304687500000000000000000000000000000000000000000000000 
1.3500000000000000888178419700125232338905334472656250000000000000000000000000000000000000000000000000 0.8349999999999999644728632119949907064437866210937500000000000000000000000000000000000000000000000000 
0.4500000000000000111022302462515654042363166809082031250000000000000000000000000000000000000000000000 0.8349999999999999644728632119949907064437866210937500000000000000000000000000000000000000000000000000 
0.4464809709419478300773675982782151550054550170898437500000000000000000000000000000000000000000000000 0.8350953280996770144994911788671743124723434448242187500000000000000000000000000000000000000000000000 
0.4429722638024437553205814310786081477999687194824218750000000000000000000000000000000000000000000000 0.8353810327849666705901654495391994714736938476562500000000000000000000000000000000000000000000000000 
0.4394841702240703251725051359244389459490776062011718750000000000000000000000000000000000000000000000 0.8358562760348008380262285754724871367216110229492187500000000000000000000000000000000000000000000000 
0.4360269213862834059014517151808831840753555297851562500000000000000000000000000000000000000000000000 0.8365196638788443550538431736640632152557373046875000000000000000000000000000000000000000000000000000 
0.4326106579956006670251156265294412150979042053222656250000000000000000000000000000000000000000000000 0.8373692504862505492368995874130632728338241577148437500000000000000000000000000000000000000000000000 
0.4292454005411613371379075942968484014272689819335937500000000000000000000000000000000000000000000000 0.8384025438731178558882106699456926435232162475585937500000000000000000000000000000000000000000000000 
0.4259410199029055599240223273227456957101821899414062500000000000000000000000000000000000000000000000 0.8396165132119085550144177432230208069086074829101562500000000000000000000000000000000000000000000000 
0.4227072083985827788410460925661027431488037109375000000000000000000000000000000000000000000000000000 0.8410075977213877784777196211507543921470642089843750000000000000000000000000000000000000000000000000 
0.4195534513545136068302099374704994261264801025390625000000000000000000000000000000000000000000000000 0.8425717171110085335072881207452155649662017822265625000000000000000000000000000000000000000000000000 
0.4164889992834935883436742187768686562776565551757812500000000000000000000000000000000000000000000000 0.8443042835491066933073511791008058935403823852539062500000000000000000000000000000000000000000000000 
0.4135228407514451309801017941936152055859565734863281250000000000000000000000000000000000000000000000 0.8462002151198021460132281390542630106210708618164062500000000000000000000000000000000000000000000000 
0.4106636760124052765164037737122271209955215454101562500000000000000000000000000000000000000000000000 0.8482539507291331215554919253918342292308807373046875000000000000000000000000000000000000000000000000 
0.4079198914891812299821083342976635321974754333496093750000000000000000000000000000000000000000000000 0.8504594664167036688340317596157547086477279663085937500000000000000000000000000000000000000000000000 
0.4052995351745274921206885210267500951886177062988281250000000000000000000000000000000000000000000000 0.8528102930249965574205361917847767472267150878906250000000000000000000000000000000000000000000000000 
0.4028102930249964908071547142753843218088150024414062500000000000000000000000000000000000000000000000 0.8552995351745275032229187672783154994249343872070312500000000000000000000000000000000000000000000000 
0.4004594664167036577318015133641893044114112854003906250000000000000000000000000000000000000000000000 0.8579198914891812410843385805492289364337921142578125000000000000000000000000000000000000000000000000 
0.3982539507291331659644129103980958461761474609375000000000000000000000000000000000000000000000000000 0.8606636760124052321074827887059655040502548217773437500000000000000000000000000000000000000000000000 
0.3962002151198021349109978928026976063847541809082031250000000000000000000000000000000000000000000000 0.8635228407514451420823320404451806098222732543945312500000000000000000000000000000000000000000000000 
0.3943042835491066822051209328492404893040657043457031250000000000000000000000000000000000000000000000 0.8664889992834936549570556962862610816955566406250000000000000000000000000000000000000000000000000000 
0.3925717171110085224050578744936501607298851013183593750000000000000000000000000000000000000000000000 0.8695534513545136734435914149798918515443801879882812500000000000000000000000000000000000000000000000 
0.3910075977213878228866406061570160090923309326171875000000000000000000000000000000000000000000000000 0.8727072083985828454544275700754951685667037963867187500000000000000000000000000000000000000000000000 
0.3896165132119085439121874969714554026722908020019531250000000000000000000000000000000000000000000000 0.8759410199029056265374038048321381211280822753906250000000000000000000000000000000000000000000000000 
0.3884025438731178447859804236941272392868995666503906250000000000000000000000000000000000000000000000 0.8792454005411612927289866092905867844820022583007812500000000000000000000000000000000000000000000000 
0.3873692504862504826235181099036708474159240722656250000000000000000000000000000000000000000000000000 0.8826106579956006781273458727810066193342208862304687500000000000000000000000000000000000000000000000 
0.3865196638788443994627641586703248322010040283203125000000000000000000000000000000000000000000000000 0.8860269213862834725148331926902756094932556152343750000000000000000000000000000000000000000000000000 
0.3858562760348007714128470979630947113037109375000000000000000000000000000000000000000000000000000000 0.8894841702240703362747353821760043501853942871093750000000000000000000000000000000000000000000000000 
0.3853810327849666039767839720298070460557937622070312500000000000000000000000000000000000000000000000 0.8929722638024437664228116773301735520362854003906250000000000000000000000000000000000000000000000000 
0.3850953280996769478861097013577818870544433593750000000000000000000000000000000000000000000000000000 0.8964809709419478966907490757876075804233551025390625000000000000000000000000000000000000000000000000 
0.3850000000000000088817841970012523233890533447265625000000000000000000000000000000000000000000000000 0.9000000000000000222044604925031308084726333618164062500000000000000000000000000000000000000000000000 
0.3850000000000000088817841970012523233890533447265625000000000000000000000000000000000000000000000000 1.5000000000000000000000000000000000000000000000000000000000000000000000000000000000000000000000000000 
0.3846553522550140713498478817200521007180213928222656250000000000000000000000000000000000000000000000 1.5127226435175731289461964479414746165275573730468750000000000000000000000000000000000000000000000000 
0.3836224199312744942425013050524285063147544860839843750000000000000000000000000000000000000000000000 1.5254079693296263009472113481024280190467834472656250000000000000000000000000000000000000000000000000 
0.3819042327972586026163526184973306953907012939453125000000000000000000000000000000000000000000000000 1.5380187691898996593664605825324542820453643798828125000000000000000000000000000000000000000000000000 
0.3795058305918703189796303831826662644743919372558593750000000000000000000000000000000000000000000000 1.5505180534495905941838600483606569468975067138671875000000000000000000000000000000000000000000000000 
0.3764342482420173774393390431214356794953346252441406250000000000000000000000000000000000000000000000 1.5628691595543668935164305366924963891506195068359375000000000000000000000000000000000000000000000000 
0.3726984952279585039391918144247028976678848266601562500000000000000000000000000000000000000000000000 1.5750358595819553553241121335304342210292816162109375000000000000000000000000000000000000000000000000 
0.3683095291569459805991471057495800778269767761230468750000000000000000000000000000000000000000000000 1.5869824665048799516853250679560005664825439453125000000000000000000000000000000000000000000000000000 
0.3632802236226748693326271677506156265735626220703125000000000000000000000000000000000000000000000000 1.5986739388666622030399366849451325833797454833984375000000000000000000000000000000000000000000000000 
0.3576253304448153702566060019307769834995269775390625000000000000000000000000000000000000000000000000 1.6100759835644506967611278014373965561389923095703125000000000000000000000000000000000000000000000000 
0.3513614363993834976973573702707653865218162536621093750000000000000000000000000000000000000000000000 1.6211551564366000199868267372949048876762390136718750000000000000000000000000000000000000000000000000 
0.3445069145668692711659275573765626177191734313964843750000000000000000000000000000000000000000000000 1.6318789603601597804072298458777368068695068359375000000000000000000000000000000000000000000000000000 
0.3370818704408262700411569312564097344875335693359375000000000000000000000000000000000000000000000000 1.6422159405705347712256525483098812401294708251953125000000000000000000000000000000000000000000000000 
0.3291080829549945518941456157335778698325157165527343750000000000000000000000000000000000000000000000 1.6521357769237294821351724749547429382801055908203125000000000000000000000000000000000000000000000000 
0.3206089406019357879173981018539052456617355346679687500000000000000000000000000000000000000000000000 1.6616093728305543208989547565579414367675781250000000000000000000000000000000000000000000000000000000 
0.3116093728305544541257177115767262876033782958984375000000000000000000000000000000000000000000000000 1.6706089406019357657129376093507744371891021728515625000000000000000000000000000000000000000000000000 
0.3021357769237295043396329674578737467527389526367187500000000000000000000000000000000000000000000000 1.6791080829549944741785338919726200401782989501953125000000000000000000000000000000000000000000000000 
0.2922159405705349044524155033286660909652709960937500000000000000000000000000000000000000000000000000 1.6870818704408261368143939762376248836517333984375000000000000000000000000000000000000000000000000000 
0.2818789603601598581228415696386946365237236022949218750000000000000000000000000000000000000000000000 1.6945069145668691934503158336156047880649566650390625000000000000000000000000000000000000000000000000 
0.2711551564366000421912872297980356961488723754882812500000000000000000000000000000000000000000000000 1.7013614363993834199817456465098075568675994873046875000000000000000000000000000000000000000000000000 
0.2600759835644506634544370626827003434300422668457031250000000000000000000000000000000000000000000000 1.7076253304448154590744479719433002173900604248046875000000000000000000000000000000000000000000000000 
0.2486739388666622252443971774482633918523788452148437500000000000000000000000000000000000000000000000 1.7132802236226749581504691377631388604640960693359375000000000000000000000000000000000000000000000000 
0.2369824665048798628674830979434773325920104980468750000000000000000000000000000000000000000000000000 1.7183095291569459028835353819886222481727600097656250000000000000000000000000000000000000000000000000 
0.2250358595819553220174213947757380083203315734863281250000000000000000000000000000000000000000000000 1.7226984952279584817347313219215720891952514648437500000000000000000000000000000000000000000000000000 
0.2128691595543668602097397979378001764416694641113281250000000000000000000000000000000000000000000000 1.7264342482420174107460297818761318922042846679687500000000000000000000000000000000000000000000000000 
0.2005180534495906718994717721216147765517234802246093750000000000000000000000000000000000000000000000 1.7295058305918702412640186594217084348201751708984375000000000000000000000000000000000000000000000000 
0.1880187691898997370820723062934121116995811462402343750000000000000000000000000000000000000000000000 1.7319042327972586914341945885098539292812347412109375000000000000000000000000000000000000000000000000 
0.1754079693296263231516718406055588275194168090820312500000000000000000000000000000000000000000000000 1.7336224199312744165268895812914706766605377197265625000000000000000000000000000000000000000000000000 
0.1627226435175731233950813248156919144093990325927734375000000000000000000000000000000000000000000000 1.7346553522550141046565386204747483134269714355468750000000000000000000000000000000000000000000000000 
0.1500000000000000222044604925031308084726333618164062500000000000000000000000000000000000000000000000 1.7349999999999998756550212419824674725532531738281250000000000000000000000000000000000000000000000000 
-0.7500000000000000000000000000000000000000000000000000000000000000000000000000000000000000000000000000 1.7349999999999998756550212419824674725532531738281250000000000000000000000000000000000000000000000000 
-0.7627226435175732399684989104571286588907241821289062500000000000000000000000000000000000000000000000 1.7346553522550141046565386204747483134269714355468750000000000000000000000000000000000000000000000000 
-0.7754079693296265229918162731337361037731170654296875000000000000000000000000000000000000000000000000 1.7336224199312744165268895812914706766605377197265625000000000000000000000000000000000000000000000000 
-0.7880187691898997703887630450481083244085311889648437500000000000000000000000000000000000000000000000 1.7319042327972586914341945885098539292812347412109375000000000000000000000000000000000000000000000000 
-0.8005180534495907052061625108763109892606735229492187500000000000000000000000000000000000000000000000 1.7295058305918702412640186594217084348201751708984375000000000000000000000000000000000000000000000000 
-0.8128691595543667824941280741768423467874526977539062500000000000000000000000000000000000000000000000 1.7264342482420174107460297818761318922042846679687500000000000000000000000000000000000000000000000000 
-0.8250358595819552443018096710147801786661148071289062500000000000000000000000000000000000000000000000 1.7226984952279584817347313219215720891952514648437500000000000000000000000000000000000000000000000000 
-0.8369824665048799516853250679560005664825439453125000000000000000000000000000000000000000000000000000 1.7183095291569459028835353819886222481727600097656250000000000000000000000000000000000000000000000000 
-0.8486739388666622030399366849451325833797454833984375000000000000000000000000000000000000000000000000 1.7132802236226747361058642127318307757377624511718750000000000000000000000000000000000000000000000000 
-0.8600759835644508077834302639530505985021591186523437500000000000000000000000000000000000000000000000 1.7076253304448152370298430469119921326637268066406250000000000000000000000000000000000000000000000000 
-0.8711551564366001310091291998105589300394058227539062500000000000000000000000000000000000000000000000 1.7013614363993834199817456465098075568675994873046875000000000000000000000000000000000000000000000000 
-0.8818789603601598914295323083933908492326736450195312500000000000000000000000000000000000000000000000 1.6945069145668691934503158336156047880649566650390625000000000000000000000000000000000000000000000000 
-0.8922159405705347712256525483098812401294708251953125000000000000000000000000000000000000000000000000 1.6870818704408263588589989012689329683780670166015625000000000000000000000000000000000000000000000000 
-0.9021357769237294821351724749547429382801055908203125000000000000000000000000000000000000000000000000 1.6791080829549946962231388170039281249046325683593750000000000000000000000000000000000000000000000000 
-0.9116093728305544319212572190735954791307449340820312500000000000000000000000000000000000000000000000 1.6706089406019357657129376093507744371891021728515625000000000000000000000000000000000000000000000000 
-0.9206089406019357657129376093507744371891021728515625000000000000000000000000000000000000000000000000 1.6616093728305543208989547565579414367675781250000000000000000000000000000000000000000000000000000000 
-0.9291080829549945852008363544882740825414657592773437500000000000000000000000000000000000000000000000 1.6521357769237294821351724749547429382801055908203125000000000000000000000000000000000000000000000000 
-0.9370818704408262478366964387532789260149002075195312500000000000000000000000000000000000000000000000 1.6422159405705347712256525483098812401294708251953125000000000000000000000000000000000000000000000000 
-0.9445069145668693044726182961312588304281234741210937500000000000000000000000000000000000000000000000 1.6318789603601597804072298458777368068695068359375000000000000000000000000000000000000000000000000000 
-0.9513614363993835310040481090254615992307662963867187500000000000000000000000000000000000000000000000 1.6211551564366000199868267372949048876762390136718750000000000000000000000000000000000000000000000000 
-0.9576253304448154590744479719433002173900604248046875000000000000000000000000000000000000000000000000 1.6100759835644506967611278014373965561389923095703125000000000000000000000000000000000000000000000000 
-0.9632802236226748471281666752474848181009292602539062500000000000000000000000000000000000000000000000 1.5986739388666622030399366849451325833797454833984375000000000000000000000000000000000000000000000000 
-0.9683095291569460139058378445042762905359268188476562500000000000000000000000000000000000000000000000 1.5869824665048797296407201429246924817562103271484375000000000000000000000000000000000000000000000000 
-0.9726984952279584817347313219215720891952514648437500000000000000000000000000000000000000000000000000 1.5750358595819553553241121335304342210292816162109375000000000000000000000000000000000000000000000000 
-0.9764342482420174107460297818761318922042846679687500000000000000000000000000000000000000000000000000 1.5628691595543668935164305366924963891506195068359375000000000000000000000000000000000000000000000000 
-0.9795058305918703522863211219373624771833419799804687500000000000000000000000000000000000000000000000 1.5505180534495905941838600483606569468975067138671875000000000000000000000000000000000000000000000000 
-0.9819042327972586914341945885098539292812347412109375000000000000000000000000000000000000000000000000 1.5380187691898996593664605825324542820453643798828125000000000000000000000000000000000000000000000000 
-0.9836224199312745275491920438071247190237045288085937500000000000000000000000000000000000000000000000 1.5254079693296263009472113481024280190467834472656250000000000000000000000000000000000000000000000000 
-0.9846553522550141046565386204747483134269714355468750000000000000000000000000000000000000000000000000 1.5127226435175731289461964479414746165275573730468750000000000000000000000000000000000000000000000000 
-0.9850000000000000976996261670137755572795867919921875000000000000000000000000000000000000000000000000 1.5000000000000000000000000000000000000000000000000000000000000000000000000000000000000000000000000000 
-0.9849999999999999866773237044981215149164199829101562500000000000000000000000000000000000000000000000 -0.0000000000000000287791997799627982731716751989597120837997633975222089297574257216183468699455261230 
-0.9846553522550141046565386204747483134269714355468750000000000000000000000000000000000000000000000000 -0.0127226435175732052740293909209867706522345542907714843750000000000000000000000000000000000000000000 
-0.9836224199312745275491920438071247190237045288085937500000000000000000000000000000000000000000000000 -0.0254079693296263529889156274066408514045178890228271484375000000000000000000000000000000000000000000 
-0.9819042327972586914341945885098539292812347412109375000000000000000000000000000000000000000000000000 -0.0380187691898996940609301020685961702838540077209472656250000000000000000000000000000000000000000000 
-0.9795058305918703522863211219373624771833419799804687500000000000000000000000000000000000000000000000 -0.0505180534495907052061625108763109892606735229492187500000000000000000000000000000000000000000000000 
-0.9764342482420174107460297818761318922042846679687500000000000000000000000000000000000000000000000000 -0.0628691595543668796386427288780396338552236557006835937500000000000000000000000000000000000000000000 
-0.9726984952279584817347313219215720891952514648437500000000000000000000000000000000000000000000000000 -0.0750358595819553553241121335304342210292816162109375000000000000000000000000000000000000000000000000 
-0.9683095291569460139058378445042762905359268188476562500000000000000000000000000000000000000000000000 -0.0869824665048798822963860288837167900055646896362304687500000000000000000000000000000000000000000000 
-0.9632802236226748471281666752474848181009292602539062500000000000000000000000000000000000000000000000 -0.0986739388666622169177244927595893386751413345336914062500000000000000000000000000000000000000000000 
-0.9576253304448153480521455094276461750268936157226562500000000000000000000000000000000000000000000000 -0.1100759835644506828833399936229398008435964584350585937500000000000000000000000000000000000000000000 
-0.9513614363993834199817456465098075568675994873046875000000000000000000000000000000000000000000000000 -0.1211551564366000616201901607382751535624265670776367187500000000000000000000000000000000000000000000 
-0.9445069145668691934503158336156047880649566650390625000000000000000000000000000000000000000000000000 -0.1318789603601598914295323083933908492326736450195312500000000000000000000000000000000000000000000000 
-0.9370818704408262478366964387532789260149002075195312500000000000000000000000000000000000000000000000 -0.1422159405705347989812281639387947507202625274658203125000000000000000000000000000000000000000000000 
-0.9291080829549944741785338919726200401782989501953125000000000000000000000000000000000000000000000000 -0.1521357769237295376463237062125699594616889953613281250000000000000000000000000000000000000000000000 
-0.9206089406019357657129376093507744371891021728515625000000000000000000000000000000000000000000000000 -0.1616093728305544596768328347025089897215366363525390625000000000000000000000000000000000000000000000 
-0.9116093728305544319212572190735954791307449340820312500000000000000000000000000000000000000000000000 -0.1706089406019357657129376093507744371891021728515625000000000000000000000000000000000000000000000000 
-0.9021357769237294821351724749547429382801055908203125000000000000000000000000000000000000000000000000 -0.1791080829549945574452607388593605719506740570068359375000000000000000000000000000000000000000000000 
-0.8922159405705348822479550108255352824926376342773437500000000000000000000000000000000000000000000000 -0.1870818704408262478366964387532789260149002075195312500000000000000000000000000000000000000000000000 
-0.8818789603601597804072298458777368068695068359375000000000000000000000000000000000000000000000000000 -0.1945069145668692767170426805023453198373317718505859375000000000000000000000000000000000000000000000 
-0.8711551564366000199868267372949048876762390136718750000000000000000000000000000000000000000000000000 -0.2013614363993835032484724933965480886399745941162109375000000000000000000000000000000000000000000000 
-0.8600759835644506967611278014373965561389923095703125000000000000000000000000000000000000000000000000 -0.2076253304448154035632967406854731962084770202636718750000000000000000000000000000000000000000000000 
-0.8486739388666622030399366849451325833797454833984375000000000000000000000000000000000000000000000000 -0.2132802236226748748837422908763983286917209625244140625000000000000000000000000000000000000000000000 
-0.8369824665048798406630226054403465241193771362304687500000000000000000000000000000000000000000000000 -0.2183095291569459861502622288753627799451351165771484375000000000000000000000000000000000000000000000 
-0.8250358595819553553241121335304342210292816162109375000000000000000000000000000000000000000000000000 -0.2226984952279585372458825531793991103768348693847656250000000000000000000000000000000000000000000000 
-0.8128691595543668935164305366924963891506195068359375000000000000000000000000000000000000000000000000 -0.2264342482420173829904541662472183816134929656982421875000000000000000000000000000000000000000000000 
-0.8005180534495907052061625108763109892606735229492187500000000000000000000000000000000000000000000000 -0.2295058305918703245307455063084489665925502777099609375000000000000000000000000000000000000000000000 
-0.7880187691898996593664605825324542820453643798828125000000000000000000000000000000000000000000000000 -0.2319042327972586359230433572520269080996513366699218750000000000000000000000000000000000000000000000 
-0.7754079693296263009472113481024280190467834472656250000000000000000000000000000000000000000000000000 -0.2336224199312744997936164281782112084329128265380859375000000000000000000000000000000000000000000000 
-0.7627226435175731289461964479414746165275573730468750000000000000000000000000000000000000000000000000 -0.2346553522550140769009630048458348028361797332763671875000000000000000000000000000000000000000000000 
