-0.5150000000000000133226762955018784850835800170898437500000000000000000000000000000000000000000000000 0.2999999999999999888977697537484345957636833190917968750000000000000000000000000000000000000000000000 
-0.5150000000000000133226762955018784850835800170898437500000000000000000000000000000000000000000000000 1.1999999999999999555910790149937383830547332763671875000000000000000000000000000000000000000000000000 
-0.5149046719003230743183507911453489214181900024414062500000000000000000000000000000000000000000000000 1.2035190290580521921270928942249156534671783447265625000000000000000000000000000000000000000000000000 
-0.5146189672150334182276765204733237624168395996093750000000000000000000000000000000000000000000000000 1.2070277361975561003504253676510415971279144287109375000000000000000000000000000000000000000000000000 
-0.5141437239651992507916133945400360971689224243164062500000000000000000000000000000000000000000000000 1.2105158297759297525431065878365188837051391601562500000000000000000000000000000000000000000000000000 
-0.5134803361211556227416963338328059762716293334960937500000000000000000000000000000000000000000000000 1.2139730786137166163030087773222476243972778320312500000000000000000000000000000000000000000000000000 
-0.5126307495137495395809423825994599610567092895507812500000000000000000000000000000000000000000000000 1.2173893420043992996681936347158625721931457519531250000000000000000000000000000000000000000000000000 
-0.5115974561268821219073288375511765480041503906250000000000000000000000000000000000000000000000000000 1.2207545994588386850665528982062824070453643798828125000000000000000000000000000000000000000000000000 
-0.5103834867880914227811217642738483846187591552734375000000000000000000000000000000000000000000000000 1.2240589800970944622804381651803851127624511718750000000000000000000000000000000000000000000000000000 
-0.5089924022786121993178198863461147993803024291992187500000000000000000000000000000000000000000000000 1.2272927916014171323411119374213740229606628417968750000000000000000000000000000000000000000000000000 
-0.5074282828889915553105538492673076689243316650390625000000000000000000000000000000000000000000000000 1.2304465486454863043519480925169773399829864501953125000000000000000000000000000000000000000000000000 
-0.5056957164508932844881883283960632979869842529296875000000000000000000000000000000000000000000000000 1.2335110007165064338607862737262621521949768066406250000000000000000000000000000000000000000000000000 
-0.5037997848801979428046138309582602232694625854492187500000000000000000000000000000000000000000000000 1.2364771592485548357132074670516885817050933837890625000000000000000000000000000000000000000000000000 
-0.5017460492708668562400475821050349622964859008789062500000000000000000000000000000000000000000000000 1.2393363239875947456880567187909036874771118164062500000000000000000000000000000000000000000000000000 
-0.4995405335832963644726589791389415040612220764160156250000000000000000000000000000000000000000000000 1.2420801085108188477335033894632942974567413330078125000000000000000000000000000000000000000000000000 
-0.4971897069750035313973057782277464866638183593750000000000000000000000000000000000000000000000000000 1.2447004648254724745726207402185536921024322509765625000000000000000000000000000000000000000000000000 
-0.4947004648254725300837719714763807132840156555175781250000000000000000000000000000000000000000000000 1.2471897069750035313973057782277464866638183593750000000000000000000000000000000000000000000000000000 
-0.4920801085108187922223521582054672762751579284667968750000000000000000000000000000000000000000000000 1.2495405335832963089615077478811144828796386718750000000000000000000000000000000000000000000000000000 
-0.4893363239875947456880567187909036874771118164062500000000000000000000000000000000000000000000000000 1.2517460492708667452177451195893809199333190917968750000000000000000000000000000000000000000000000000 
-0.4864771592485548912243586983095156028866767883300781250000000000000000000000000000000000000000000000 1.2537997848801978317823113684426061809062957763671875000000000000000000000000000000000000000000000000 
-0.4835110007165064338607862737262621521949768066406250000000000000000000000000000000000000000000000000 1.2556957164508932844881883283960632979869842529296875000000000000000000000000000000000000000000000000 
-0.4804465486454864153742505550326313823461532592773437500000000000000000000000000000000000000000000000 1.2574282828889913332659489242359995841979980468750000000000000000000000000000000000000000000000000000 
-0.4772927916014172433634143999370280653238296508789062500000000000000000000000000000000000000000000000 1.2589924022786120882955174238304607570171356201171875000000000000000000000000000000000000000000000000 
-0.4740589800970944622804381651803851127624511718750000000000000000000000000000000000000000000000000000 1.2603834867880914227811217642738483846187591552734375000000000000000000000000000000000000000000000000 
-0.4707545994588386850665528982062824070453643798828125000000000000000000000000000000000000000000000000 1.2615974561268821219073288375511765480041503906250000000000000000000000000000000000000000000000000000 
-0.4673893420043993551793448659736895933747291564941406250000000000000000000000000000000000000000000000 1.2626307495137494285586399200838059186935424804687500000000000000000000000000000000000000000000000000 
-0.4639730786137166163030087773222476243972778320312500000000000000000000000000000000000000000000000000 1.2634803361211555117193938713171519339084625244140625000000000000000000000000000000000000000000000000 
-0.4605158297759296970319553565786918625235557556152343750000000000000000000000000000000000000000000000 1.2641437239651991397693109320243820548057556152343750000000000000000000000000000000000000000000000000 
-0.4570277361975562668838790614245226606726646423339843750000000000000000000000000000000000000000000000 1.2646189672150334182276765204733237624168395996093750000000000000000000000000000000000000000000000000 
-0.4535190290580521921270928942249156534671783447265625000000000000000000000000000000000000000000000000 1.2649046719003229632960483286296948790550231933593750000000000000000000000000000000000000000000000000 
-0.4500000000000000111022302462515654042363166809082031250000000000000000000000000000000000000000000000 1.2649999999999999023003738329862244427204132080078125000000000000000000000000000000000000000000000000 
-0.1499999999999999944488848768742172978818416595458984375000000000000000000000000000000000000000000000 1.2649999999999999023003738329862244427204132080078125000000000000000000000000000000000000000000000000 
-0.1464809709419478411795978445297805592417716979980468750000000000000000000000000000000000000000000000 1.2649046719003229632960483286296948790550231933593750000000000000000000000000000000000000000000000000 
-0.1429722638024437664228116773301735520362854003906250000000000000000000000000000000000000000000000000 1.2646189672150334182276765204733237624168395996093750000000000000000000000000000000000000000000000000 
-0.1394841702240702807635841509181773290038108825683593750000000000000000000000000000000000000000000000 1.2641437239651991397693109320243820548057556152343750000000000000000000000000000000000000000000000000 
-0.1360269213862834170036819614324485883116722106933593750000000000000000000000000000000000000000000000 1.2634803361211555117193938713171519339084625244140625000000000000000000000000000000000000000000000000 
-0.1326106579956006503717702571520931087434291839599609375000000000000000000000000000000000000000000000 1.2626307495137494285586399200838059186935424804687500000000000000000000000000000000000000000000000000 
-0.1292454005411612927289866092905867844820022583007812500000000000000000000000000000000000000000000000 1.2615974561268821219073288375511765480041503906250000000000000000000000000000000000000000000000000000 
-0.1259410199029055710262525735743110999464988708496093750000000000000000000000000000000000000000000000 1.2603834867880914227811217642738483846187591552734375000000000000000000000000000000000000000000000000 
-0.1227072083985827899432763388176681473851203918457031250000000000000000000000000000000000000000000000 1.2589924022786120882955174238304607570171356201171875000000000000000000000000000000000000000000000000 
-0.1195534513545136318102279915365215856581926345825195312500000000000000000000000000000000000000000000 1.2574282828889915553105538492673076689243316650390625000000000000000000000000000000000000000000000000 
-0.1164889992834935994459044650284340605139732360839843750000000000000000000000000000000000000000000000 1.2556957164508932844881883283960632979869842529296875000000000000000000000000000000000000000000000000 
-0.1135228407514451420823320404451806098222732543945312500000000000000000000000000000000000000000000000 1.2537997848801978317823113684426061809062957763671875000000000000000000000000000000000000000000000000 
-0.1106636760124052321074827887059655040502548217773437500000000000000000000000000000000000000000000000 1.2517460492708667452177451195893809199333190917968750000000000000000000000000000000000000000000000000 
-0.1079198914891811994509751571058586705476045608520507812500000000000000000000000000000000000000000000 1.2495405335832963089615077478811144828796386718750000000000000000000000000000000000000000000000000000 
-0.1052995351745274893451309594638587441295385360717773437500000000000000000000000000000000000000000000 1.2471897069750035313973057782277464866638183593750000000000000000000000000000000000000000000000000000 
-0.1028102930249964741538093448980362154543399810791015625000000000000000000000000000000000000000000000 1.2447004648254724745726207402185536921024322509765625000000000000000000000000000000000000000000000000 
-0.1004594664167036133228805283579276874661445617675781250000000000000000000000000000000000000000000000 1.2420801085108188477335033894632942974567413330078125000000000000000000000000000000000000000000000000 
-0.0982539507291331493110675410207477398216724395751953125000000000000000000000000000000000000000000000 1.2393363239875947456880567187909036874771118164062500000000000000000000000000000000000000000000000000 
-0.0962002151198021182576525234253495000302791595458984375000000000000000000000000000000000000000000000 1.2364771592485548357132074670516885817050933837890625000000000000000000000000000000000000000000000000 
-0.0943042835491066933073511791008058935403823852539062500000000000000000000000000000000000000000000000 1.2335110007165064338607862737262621521949768066406250000000000000000000000000000000000000000000000000 
-0.0925717171110085057517125051163020543754100799560546875000000000000000000000000000000000000000000000 1.2304465486454863043519480925169773399829864501953125000000000000000000000000000000000000000000000000 
-0.0910075977213877923555074289652111474424600601196289062500000000000000000000000000000000000000000000 1.2272927916014171323411119374213740229606628417968750000000000000000000000000000000000000000000000000 
-0.0896165132119085550144177432230208069086074829101562500000000000000000000000000000000000000000000000 1.2240589800970944622804381651803851127624511718750000000000000000000000000000000000000000000000000000 
-0.0884025438731178420104228621312358882278203964233398437500000000000000000000000000000000000000000000 1.2207545994588386850665528982062824070453643798828125000000000000000000000000000000000000000000000000 
-0.0873692504862505076035361639696930069476366043090820312500000000000000000000000000000000000000000000 1.2173893420043992996681936347158625721931457519531250000000000000000000000000000000000000000000000000 
-0.0865196638788443689316309814785199705511331558227539062500000000000000000000000000000000000000000000 1.2139730786137166163030087773222476243972778320312500000000000000000000000000000000000000000000000000 
-0.0858562760348007963928651520291168708354234695434570312500000000000000000000000000000000000000000000 1.2105158297759297525431065878365188837051391601562500000000000000000000000000000000000000000000000000 
-0.0853810327849666150790142182813724502921104431152343750000000000000000000000000000000000000000000000 1.2070277361975561003504253676510415971279144287109375000000000000000000000000000000000000000000000000 
-0.0850953280996769451105521397948905359953641891479492187500000000000000000000000000000000000000000000 1.2035190290580521921270928942249156534671783447265625000000000000000000000000000000000000000000000000 
-0.0849999999999999922284388276239042170345783233642578125000000000000000000000000000000000000000000000 1.1999999999999999555910790149937383830547332763671875000000000000000000000000000000000000000000000000 
-0.0849999999999999922284388276239042170345783233642578125000000000000000000000000000000000000000000000 0.5999999999999999777955395074968691915273666381835937500000000000000000000000000000000000000000000000 
-0.0846553522550140824520781279716175049543380737304687500000000000000000000000000000000000000000000000 0.5872773564824268488493430595553945749998092651367187500000000000000000000000000000000000000000000000 
-0.0836224199312745053447315513039939105510711669921875000000000000000000000000000000000000000000000000 0.5745920306703736768483281593944411724805831909179687500000000000000000000000000000000000000000000000 
-0.0819042327972586692297340960067231208086013793945312500000000000000000000000000000000000000000000000 0.5619812308101003184290789249644149094820022583007812500000000000000000000000000000000000000000000000 
-0.0795058305918703578374362450631451793015003204345703125000000000000000000000000000000000000000000000 0.5494819465504093836116794591362122446298599243164062500000000000000000000000000000000000000000000000 
-0.0764342482420173885415692893730010837316513061523437500000000000000000000000000000000000000000000000 0.5371308404456331953014114333200268447399139404296875000000000000000000000000000000000000000000000000 
-0.0726984952279585705525732919340953230857849121093750000000000000000000000000000000000000000000000000 0.5249641404180447334937298364820890128612518310546875000000000000000000000000000000000000000000000000 
-0.0683095291569459917013773520011454820632934570312500000000000000000000000000000000000000000000000000 0.5130175334951201371325169020565226674079895019531250000000000000000000000000000000000000000000000000 
-0.0632802236226748804348574140021810308098793029785156250000000000000000000000000000000000000000000000 0.5013260611333377747556028225517366081476211547851562500000000000000000000000000000000000000000000000 
-0.0576253304448154091144118638112558983266353607177734375000000000000000000000000000000000000000000000 0.4899240164355493365455629373172996565699577331542968750000000000000000000000000000000000000000000000 
-0.0513614363993835087995876165223307907581329345703125000000000000000000000000000000000000000000000000 0.4788448435633999578087127702019643038511276245117187500000000000000000000000000000000000000000000000 
-0.0445069145668692822681578036281280219554901123046875000000000000000000000000000000000000000000000000 0.4681210396398401418771584303613053634762763977050781250000000000000000000000000000000000000000000000 
-0.0370818704408262533878115618790616281330585479736328125000000000000000000000000000000000000000000000 0.4577840594294651510587357279291609302163124084472656250000000000000000000000000000000000000000000000 
-0.0291080829549945629963758619851432740688323974609375000000000000000000000000000000000000000000000000 0.4478642230762704956603670325421262532472610473632812500000000000000000000000000000000000000000000000 
-0.0206089406019357990196283481054706498980522155761718750000000000000000000000000000000000000000000000 0.4383906271694455458742822884232737123966217041015625000000000000000000000000000000000000000000000000 
-0.0116093728305544652279479578282916918396949768066406250000000000000000000000000000000000000000000000 0.4293910593980642120826018981460947543382644653320312500000000000000000000000000000000000000000000000 
-0.0021357769237294599307119824516121298074722290039062500000000000000000000000000000000000000000000000 0.4208919170450053925947031530085951089859008789062500000000000000000000000000000000000000000000000000 
0.0077840594294652787343835598221630789339542388916015625000000000000000000000000000000000000000000000 0.4129181295591736189365406062279362231492996215820312500000000000000000000000000000000000000000000000 
0.0181210396398401030193525684808264486491680145263671875000000000000000000000000000000000000000000000 0.4054930854331307288340724426234373822808265686035156250000000000000000000000000000000000000000000000 
0.0288448435633998911953312926925718784332275390625000000000000000000000000000000000000000000000000000 0.3986385636006165023026426297292346134781837463378906250000000000000000000000000000000000000000000000 
0.0399240164355492005432424207356234546750783920288085937500000000000000000000000000000000000000000000 0.3923746695551846852545452293270500376820564270019531250000000000000000000000000000000000000000000000 
0.0513260611333377497755847684857144486159086227416992187500000000000000000000000000000000000000000000 0.3867197763773251306673728322493843734264373779296875000000000000000000000000000000000000000000000000 
0.0630175334951200982747110401760437525808811187744140625000000000000000000000000000000000000000000000 0.3816904708430540194008528942504199221730232238769531250000000000000000000000000000000000000000000000 
0.0749641404180447362692873980449803639203310012817382812500000000000000000000000000000000000000000000 0.3773015047720413850385057230596430599689483642578125000000000000000000000000000000000000000000000000 
0.0871308404456331841991811870684614405035972595214843750000000000000000000000000000000000000000000000 0.3735657517579825670495097256207372993230819702148437500000000000000000000000000000000000000000000000 
0.0994819465504092892427223659979063086211681365966796875000000000000000000000000000000000000000000000 0.3704941694081296255092183855595067143440246582031250000000000000000000000000000000000000000000000000 
0.1119812308101002795712730630839359946548938751220703125000000000000000000000000000000000000000000000 0.3680957672027413418724961502448422834277153015136718750000000000000000000000000000000000000000000000 
0.1245920306703735269682198349983082152903079986572265625000000000000000000000000000000000000000000000 0.3663775800687255057574986949475714936852455139160156250000000000000000000000000000000000000000000000 
0.1372773564824267822359615820460021495819091796875000000000000000000000000000000000000000000000000000 0.3653446477449858731390008870221208781003952026367187500000000000000000000000000000000000000000000000 
0.1499999999999999389377336456163902767002582550048828125000000000000000000000000000000000000000000000 0.3649999999999999911182158029987476766109466552734375000000000000000000000000000000000000000000000000 
1.0500000000000000444089209850062616169452667236328125000000000000000000000000000000000000000000000000 0.3649999999999999911182158029987476766109466552734375000000000000000000000000000000000000000000000000 
1.0535190290580522809449348642374388873577117919921875000000000000000000000000000000000000000000000000 0.3649046719003230521138902986422181129455566406250000000000000000000000000000000000000000000000000000 
1.0570277361975561891682673376635648310184478759765625000000000000000000000000000000000000000000000000 0.3646189672150333960232160279701929539442062377929687500000000000000000000000000000000000000000000000 
1.0605158297759298413609485578490421175956726074218750000000000000000000000000000000000000000000000000 0.3641437239651991730760016707790782675147056579589843750000000000000000000000000000000000000000000000 
1.0639730786137167051208507473347708582878112792968750000000000000000000000000000000000000000000000000 0.3634803361211556005372358413296751677989959716796875000000000000000000000000000000000000000000000000 
1.0673893420043993884860356047283858060836791992187500000000000000000000000000000000000000000000000000 0.3626307495137494618653306588385021314024925231933593750000000000000000000000000000000000000000000000 
1.0707545994588387738843948682188056409358978271484375000000000000000000000000000000000000000000000000 0.3615974561268821552140195763058727607131004333496093750000000000000000000000000000000000000000000000 
1.0740589800970945510982801351929083466529846191406250000000000000000000000000000000000000000000000000 0.3603834867880914560878125030285445973277091979980468750000000000000000000000000000000000000000000000 
1.0772927916014172211589539074338972568511962890625000000000000000000000000000000000000000000000000000 0.3589924022786121771133593938429839909076690673828125000000000000000000000000000000000000000000000000 
1.0804465486454863931697900625295005738735198974609375000000000000000000000000000000000000000000000000 0.3574282828889914775949421255063498392701148986816406250000000000000000000000000000000000000000000000 
1.0835110007165065226786282437387853860855102539062500000000000000000000000000000000000000000000000000 0.3556957164508932622837278358929324895143508911132812500000000000000000000000000000000000000000000000 
1.0864771592485549245310494370642118155956268310546875000000000000000000000000000000000000000000000000 0.3537997848801978650890021071973023936152458190917968750000000000000000000000000000000000000000000000 
1.0893363239875948345058986888034269213676452636718750000000000000000000000000000000000000000000000000 0.3517460492708668340355870896019041538238525390625000000000000000000000000000000000000000000000000000 
1.0920801085108189365513453594758175313472747802734375000000000000000000000000000000000000000000000000 0.3495405335832963422681984866358106955885887145996093750000000000000000000000000000000000000000000000 
1.0947004648254725633904627102310769259929656982421875000000000000000000000000000000000000000000000000 0.3471897069750035091928452857246156781911849975585937500000000000000000000000000000000000000000000000 
1.0971897069750036202151477482402697205543518066406250000000000000000000000000000000000000000000000000 0.3447004648254725078793114789732499048113822937011718750000000000000000000000000000000000000000000000 
1.0995405335832963977793497178936377167701721191406250000000000000000000000000000000000000000000000000 0.3420801085108187700178916657023364678025245666503906250000000000000000000000000000000000000000000000 
1.1017460492708668340355870896019041538238525390625000000000000000000000000000000000000000000000000000 0.3393363239875947234835962262877728790044784545898437500000000000000000000000000000000000000000000000 
1.1037997848801979206001533384551294147968292236328125000000000000000000000000000000000000000000000000 0.3364771592485548690198982058063847944140434265136718750000000000000000000000000000000000000000000000 
1.1056957164508933733060302984085865318775177001953125000000000000000000000000000000000000000000000000 0.3335110007165064116563257812231313437223434448242187500000000000000000000000000000000000000000000000 
1.1074282828889916441283958192798309028148651123046875000000000000000000000000000000000000000000000000 0.3304465486454863376586388312716735526919364929199218750000000000000000000000000000000000000000000000 
1.1089924022786121771133593938429839909076690673828125000000000000000000000000000000000000000000000000 0.3272927916014172211589539074338972568511962890625000000000000000000000000000000000000000000000000000 
1.1103834867880915115989637342863716185092926025390625000000000000000000000000000000000000000000000000 0.3240589800970944400759776726772543042898178100585937500000000000000000000000000000000000000000000000 
1.1115974561268822107251708075636997818946838378906250000000000000000000000000000000000000000000000000 0.3207545994588387183732436369609786197543144226074218750000000000000000000000000000000000000000000000 
1.1126307495137495173764818900963291525840759277343750000000000000000000000000000000000000000000000000 0.3173893420043993329748843734705587849020957946777343750000000000000000000000000000000000000000000000 
1.1134803361211556005372358413296751677989959716796875000000000000000000000000000000000000000000000000 0.3139730786137165385873970535612897947430610656738281250000000000000000000000000000000000000000000000 
1.1141437239651992285871529020369052886962890625000000000000000000000000000000000000000000000000000000 0.3105158297759296748274948640755610540509223937988281250000000000000000000000000000000000000000000000 
1.1146189672150335070455184904858469963073730468750000000000000000000000000000000000000000000000000000 0.3070277361975561891682673376635648310184478759765625000000000000000000000000000000000000000000000000 
1.1149046719003230521138902986422181129455566406250000000000000000000000000000000000000000000000000000 0.3035190290580521699226324017217848449945449829101562500000000000000000000000000000000000000000000000 
1.1149999999999999911182158029987476766109466552734375000000000000000000000000000000000000000000000000 0.2999999999999999888977697537484345957636833190917968750000000000000000000000000000000000000000000000 
1.1149046719003230521138902986422181129455566406250000000000000000000000000000000000000000000000000000 0.2964809709419478633840583370329113677144050598144531250000000000000000000000000000000000000000000000 
1.1146189672150335070455184904858469963073730468750000000000000000000000000000000000000000000000000000 0.2929722638024437886272721698333043605089187622070312500000000000000000000000000000000000000000000000 
1.1141437239651992285871529020369052886962890625000000000000000000000000000000000000000000000000000000 0.2894841702240703029680446434213081374764442443847656250000000000000000000000000000000000000000000000 
1.1134803361211556005372358413296751677989959716796875000000000000000000000000000000000000000000000000 0.2860269213862834392081424539355793967843055725097656250000000000000000000000000000000000000000000000 
1.1126307495137495173764818900963291525840759277343750000000000000000000000000000000000000000000000000 0.2826106579956006448206551340263104066252708435058593750000000000000000000000000000000000000000000000 
1.1115974561268822107251708075636997818946838378906250000000000000000000000000000000000000000000000000 0.2792454005411612594222958705358905717730522155761718750000000000000000000000000000000000000000000000 
1.1103834867880915115989637342863716185092926025390625000000000000000000000000000000000000000000000000 0.2759410199029055377195618348196148872375488281250000000000000000000000000000000000000000000000000000 
1.1089924022786121771133593938429839909076690673828125000000000000000000000000000000000000000000000000 0.2727072083985827566365856000629719346761703491210937500000000000000000000000000000000000000000000000 
1.1074282828889916441283958192798309028148651123046875000000000000000000000000000000000000000000000000 0.2695534513545136401369006762251956388354301452636718750000000000000000000000000000000000000000000000 
1.1056957164508933733060302984085865318775177001953125000000000000000000000000000000000000000000000000 0.2664889992834935661392137262737378478050231933593750000000000000000000000000000000000000000000000000 
1.1037997848801979206001533384551294147968292236328125000000000000000000000000000000000000000000000000 0.2635228407514451087756413016904843971133232116699218750000000000000000000000000000000000000000000000 
1.1017460492708668340355870896019041538238525390625000000000000000000000000000000000000000000000000000 0.2606636760124052543119432812090963125228881835937500000000000000000000000000000000000000000000000000 
1.0995405335832963977793497178936377167701721191406250000000000000000000000000000000000000000000000000 0.2579198914891812077776478417945327237248420715332031250000000000000000000000000000000000000000000000 
1.0971897069750036202151477482402697205543518066406250000000000000000000000000000000000000000000000000 0.2552995351745274699162280285236192867159843444824218750000000000000000000000000000000000000000000000 
1.0947004648254725633904627102310769259929656982421875000000000000000000000000000000000000000000000000 0.2528102930249964686026942217722535133361816406250000000000000000000000000000000000000000000000000000 
1.0920801085108189365513453594758175313472747802734375000000000000000000000000000000000000000000000000 0.2504594664167036355273410208610584959387779235839843750000000000000000000000000000000000000000000000 
1.0893363239875948345058986888034269213676452636718750000000000000000000000000000000000000000000000000 0.2482539507291331437599524178949650377035140991210937500000000000000000000000000000000000000000000000 
1.0864771592485549245310494370642118155956268310546875000000000000000000000000000000000000000000000000 0.2462002151198021127065374002995667979121208190917968750000000000000000000000000000000000000000000000 
1.0835110007165065226786282437387853860855102539062500000000000000000000000000000000000000000000000000 0.2443042835491066877562360559750231914222240447998046875000000000000000000000000000000000000000000000 
1.0804465486454863931697900625295005738735198974609375000000000000000000000000000000000000000000000000 0.2425717171110085002005973819905193522572517395019531250000000000000000000000000000000000000000000000 
1.0772927916014172211589539074338972568511962890625000000000000000000000000000000000000000000000000000 0.2410075977213878006821801136538852006196975708007812500000000000000000000000000000000000000000000000 
1.0740589800970945510982801351929083466529846191406250000000000000000000000000000000000000000000000000 0.2396165132119085494633026200972381047904491424560546875000000000000000000000000000000000000000000000 
1.0707545994588387738843948682188056409358978271484375000000000000000000000000000000000000000000000000 0.2384025438731178225815199311909964308142662048339843750000000000000000000000000000000000000000000000 
1.0673893420043993884860356047283858060836791992187500000000000000000000000000000000000000000000000000 0.2373692504862505159302088486583670601248741149902343750000000000000000000000000000000000000000000000 
1.0639730786137167051208507473347708582878112792968750000000000000000000000000000000000000000000000000 0.2365196638788443772583036661671940237283706665039062500000000000000000000000000000000000000000000000 
1.0605158297759298413609485578490421175956726074218750000000000000000000000000000000000000000000000000 0.2358562760348008047195378367177909240126609802246093750000000000000000000000000000000000000000000000 
1.0570277361975561891682673376635648310184478759765625000000000000000000000000000000000000000000000000 0.2353810327849666095278990951555897481739521026611328125000000000000000000000000000000000000000000000 
1.0535190290580522809449348642374388873577117919921875000000000000000000000000000000000000000000000000 0.2350953280996769256816492088546510785818099975585937500000000000000000000000000000000000000000000000 
1.0500000000000000444089209850062616169452667236328125000000000000000000000000000000000000000000000000 0.2349999999999999866773237044981215149164199829101562500000000000000000000000000000000000000000000000 
-0.4500000000000000111022302462515654042363166809082031250000000000000000000000000000000000000000000000 0.2349999999999999866773237044981215149164199829101562500000000000000000000000000000000000000000000000 
-0.4535190290580521366159416629670886322855949401855468750000000000000000000000000000000000000000000000 0.2350953280996769256816492088546510785818099975585937500000000000000000000000000000000000000000000000 
-0.4570277361975562113727278301666956394910812377929687500000000000000000000000000000000000000000000000 0.2353810327849666095278990951555897481739521026611328125000000000000000000000000000000000000000000000 
-0.4605158297759296970319553565786918625235557556152343750000000000000000000000000000000000000000000000 0.2358562760348008047195378367177909240126609802246093750000000000000000000000000000000000000000000000 
-0.4639730786137165607918575460644206032156944274902343750000000000000000000000000000000000000000000000 0.2365196638788443772583036661671940237283706665039062500000000000000000000000000000000000000000000000 
-0.4673893420043993551793448659736895933747291564941406250000000000000000000000000000000000000000000000 0.2373692504862505159302088486583670601248741149902343750000000000000000000000000000000000000000000000 
-0.4707545994588387405777041294641094282269477844238281250000000000000000000000000000000000000000000000 0.2384025438731178225815199311909964308142662048339843750000000000000000000000000000000000000000000000 
-0.4740589800970944622804381651803851127624511718750000000000000000000000000000000000000000000000000000 0.2396165132119085494633026200972381047904491424560546875000000000000000000000000000000000000000000000 
-0.4772927916014171878522631686792010441422462463378906250000000000000000000000000000000000000000000000 0.2410075977213878006821801136538852006196975708007812500000000000000000000000000000000000000000000000 
-0.4804465486454863598630993237748043611645698547363281250000000000000000000000000000000000000000000000 0.2425717171110085002005973819905193522572517395019531250000000000000000000000000000000000000000000000 
-0.4835110007165064338607862737262621521949768066406250000000000000000000000000000000000000000000000000 0.2443042835491066877562360559750231914222240447998046875000000000000000000000000000000000000000000000 
-0.4864771592485548357132074670516885817050933837890625000000000000000000000000000000000000000000000000 0.2462002151198021127065374002995667979121208190917968750000000000000000000000000000000000000000000000 
-0.4893363239875947456880567187909036874771118164062500000000000000000000000000000000000000000000000000 0.2482539507291331437599524178949650377035140991210937500000000000000000000000000000000000000000000000 
-0.4920801085108187922223521582054672762751579284667968750000000000000000000000000000000000000000000000 0.2504594664167036355273410208610584959387779235839843750000000000000000000000000000000000000000000000 
-0.4947004648254725300837719714763807132840156555175781250000000000000000000000000000000000000000000000 0.2528102930249964686026942217722535133361816406250000000000000000000000000000000000000000000000000000 
-0.4971897069750035313973057782277464866638183593750000000000000000000000000000000000000000000000000000 0.2552995351745274699162280285236192867159843444824218750000000000000000000000000000000000000000000000 
-0.4995405335832963644726589791389415040612220764160156250000000000000000000000000000000000000000000000 0.2579198914891811522664966105367057025432586669921875000000000000000000000000000000000000000000000000 
-0.5017460492708668562400475821050349622964859008789062500000000000000000000000000000000000000000000000 0.2606636760124052543119432812090963125228881835937500000000000000000000000000000000000000000000000000 
-0.5037997848801978317823113684426061809062957763671875000000000000000000000000000000000000000000000000 0.2635228407514451087756413016904843971133232116699218750000000000000000000000000000000000000000000000 
-0.5056957164508932844881883283960632979869842529296875000000000000000000000000000000000000000000000000 0.2664889992834935661392137262737378478050231933593750000000000000000000000000000000000000000000000000 
-0.5074282828889914442882513867516536265611648559570312500000000000000000000000000000000000000000000000 0.2695534513545136401369006762251956388354301452636718750000000000000000000000000000000000000000000000 
-0.5089924022786121993178198863461147993803024291992187500000000000000000000000000000000000000000000000 0.2727072083985827566365856000629719346761703491210937500000000000000000000000000000000000000000000000 
-0.5103834867880914227811217642738483846187591552734375000000000000000000000000000000000000000000000000 0.2759410199029055377195618348196148872375488281250000000000000000000000000000000000000000000000000000 
-0.5115974561268821219073288375511765480041503906250000000000000000000000000000000000000000000000000000 0.2792454005411612594222958705358905717730522155761718750000000000000000000000000000000000000000000000 
-0.5126307495137495395809423825994599610567092895507812500000000000000000000000000000000000000000000000 0.2826106579956006448206551340263104066252708435058593750000000000000000000000000000000000000000000000 
-0.5134803361211556227416963338328059762716293334960937500000000000000000000000000000000000000000000000 0.2860269213862833836969912226777523756027221679687500000000000000000000000000000000000000000000000000 
-0.5141437239651992507916133945400360971689224243164062500000000000000000000000000000000000000000000000 0.2894841702240703029680446434213081374764442443847656250000000000000000000000000000000000000000000000 
-0.5146189672150334182276765204733237624168395996093750000000000000000000000000000000000000000000000000 0.2929722638024437886272721698333043605089187622070312500000000000000000000000000000000000000000000000 
-0.5149046719003230743183507911453489214181900024414062500000000000000000000000000000000000000000000000 0.2964809709419478078729071057750843465328216552734375000000000000000000000000000000000000000000000000 
                 NaN                  NaN 
-0.4500000000000000111022302462515654042363166809082031250000000000000000000000000000000000000000000000 0.2999999999999999888977697537484345957636833190917968750000000000000000000000000000000000000000000000 
0.1499999999999999389377336456163902767002582550048828125000000000000000000000000000000000000000000000 0.2999999999999999888977697537484345957636833190917968750000000000000000000000000000000000000000000000 
0.1337583274243746012110989340726519003510475158691406250000000000000000000000000000000000000000000000 0.3004399758446628654340315733861643821001052856445312500000000000000000000000000000000000000000000000 
0.1175642944728172711865710198253509588539600372314453125000000000000000000000000000000000000000000000 0.3017586128536921541432036519836401566863059997558593750000000000000000000000000000000000000000000000 
0.1014654010341705658859723371278960257768630981445312500000000000000000000000000000000000000000000000 0.3039520432375421576942642332141986116766929626464843750000000000000000000000000000000000000000000000 
0.0855088679366926979197316427416808437556028366088867187500000000000000000000000000000000000000000000 0.3070138332869740138697522979782661423087120056152343750000000000000000000000000000000000000000000000 
0.0697414984412338539998543751607940066605806350708007812500000000000000000000000000000000000000000000 0.3109350022442330940819488205306697636842727661132812500000000000000000000000000000000000000000000000 
0.0542095409592060484271769382758066058158874511718750000000000000000000000000000000000000000000000000 0.3157040486451592742334071317600319162011146545410156250000000000000000000000000000000000000000000000 
0.0389585533980256609742909290616807993501424789428710937500000000000000000000000000000000000000000000 0.3213069840549625522108101449703099206089973449707031250000000000000000000000000000000000000000000000 
0.0240332695319205313921884226147085428237915039062500000000000000000000000000000000000000000000000000 0.3277273740987129424517831921548349782824516296386718750000000000000000000000000000000000000000000000 
0.0094774677900628101490099197690142318606376647949218750000000000000000000000000000000000000000000000 0.3349463866661931965573728575691347941756248474121093750000000000000000000000000000000000000000000000 
-0.0046661571531065315632247347821248695254325866699218750000000000000000000000000000000000000000000000 0.3429428471497232289166845475847367197275161743164062500000000000000000000000000000000000000000000000 
-0.0183561196087147493472002679482102394104003906250000000000000000000000000000000000000000000000000000 0.3516933005529328526428400891745695844292640686035156250000000000000000000000000000000000000000000000 
-0.0315522645581294280958672970882616937160491943359375000000000000000000000000000000000000000000000000 0.3611720802883067737987232703744666650891304016113281250000000000000000000000000000000000000000000000 
-0.0442158854345482410508338944055140018463134765625000000000000000000000000000000000000000000000000000 0.3713513834617090392242744201212190091609954833984375000000000000000000000000000000000000000000000000 
-0.0563098376560269842094896830531070008873939514160156250000000000000000000000000000000000000000000000 0.3822013524230607472986775974277406930923461914062500000000000000000000000000000000000000000000000000 
-0.0677986475769393193147038800816517323255538940429687500000000000000000000000000000000000000000000000 0.3936901623439730268927405631984584033489227294921875000000000000000000000000000000000000000000000000 
-0.0786486165382909441223802105014328844845294952392578125000000000000000000000000000000000000000000000 0.4057841145654517145402451205882243812084197998046875000000000000000000000000000000000000000000000000 
-0.0888279197116930985256288977325311861932277679443359375000000000000000000000000000000000000000000000 0.4184477354418704164729092553898226469755172729492187500000000000000000000000000000000000000000000000 
-0.0983066994470671584593901570769958198070526123046875000000000000000000000000000000000000000000000000 0.4316438803912853172661812095611821860074996948242187500000000000000000000000000000000000000000000000 
-0.1070571528502768099411213142957421950995922088623046875000000000000000000000000000000000000000000000 0.4453338428468935905613079739850945770740509033203125000000000000000000000000000000000000000000000000 
-0.1150536133338068978115842355691711418330669403076171875000000000000000000000000000000000000000000000 0.4594774677900629877846938597940606996417045593261718750000000000000000000000000000000000000000000000 
-0.1222726259012870964060226697256439365446567535400390625000000000000000000000000000000000000000000000 0.4740332695319205980055699001241009682416915893554687500000000000000000000000000000000000000000000000 
-0.1286930159450374311358444856523419730365276336669921875000000000000000000000000000000000000000000000 0.4889585533980257414654602143855299800634384155273437500000000000000000000000000000000000000000000000 
-0.1342959513548407091132474988626199774444103240966796875000000000000000000000000000000000000000000000 0.5042095409592060040182559532695449888706207275390625000000000000000000000000000000000000000000000000 
-0.1390649977557668892647058100919821299612522125244140625000000000000000000000000000000000000000000000 0.5197414984412338512242968135979026556015014648437500000000000000000000000000000000000000000000000000 
-0.1429861667130259694769023326443857513368129730224609375000000000000000000000000000000000000000000000 0.5355088679366928339220521593233570456504821777343750000000000000000000000000000000000000000000000000 
-0.1460479567624578811635416286662803031504154205322265625000000000000000000000000000000000000000000000 0.5514654010341706324993538146372884511947631835937500000000000000000000000000000000000000000000000000 
-0.1482413871463078847146022098968387581408023834228515625000000000000000000000000000000000000000000000 0.5675642944728174210666793442214839160442352294921875000000000000000000000000000000000000000000000000 
-0.1495600241553371179126230572364875115454196929931640625000000000000000000000000000000000000000000000 0.5837583274243747233356316428398713469505310058593750000000000000000000000000000000000000000000000000 
-0.1499999999999999944488848768742172978818416595458984375000000000000000000000000000000000000000000000 0.5999999999999999777955395074968691915273666381835937500000000000000000000000000000000000000000000000 
-0.1499999999999999944488848768742172978818416595458984375000000000000000000000000000000000000000000000 1.1999999999999999555910790149937383830547332763671875000000000000000000000000000000000000000000000000 
-0.4500000000000000111022302462515654042363166809082031250000000000000000000000000000000000000000000000 1.1999999999999999555910790149937383830547332763671875000000000000000000000000000000000000000000000000
